10
7 10
41 67
34 0
69 24
78 58
62 64
5 45
81 27
4 4 49
1 0 1 1 
1 0 0 0 
1 0 1 0 
0 1 0 0 
5 3 2
1 0 1 1 1 
0 1 1 0 0 
0 1 0 0 0 
6 7 3
0 0 0 0 0 1 
1 0 0 0 0 1 
0 0 0 0 0 0 
0 1 0 0 0 0 
0 0 0 0 0 0 
0 0 0 0 0 1 
1 0 1 0 0 0 
4 6 3
0 1 0 0 
1 0 0 1 
0 0 1 0 
0 0 0 1 
0 1 0 0 
1 0 0 0  
4 3 2 
0 1 0 1 
1 0 1 1 
1 0 0 1 
3 5 2
0 1 0 
1 0 1 
0 0 0 
1 0 1 
1 0 1  
7 4 3
0 0 0 1 0 0 0 
1 0 0 1 0 1 1 
0 0 1 0 0 0 0 
1 0 0 0 0 0 0 
7 6 3
0 0 0 0 0 1 0 
0 0 0 0 0 0 0 
0 1 0 0 0 0 0 
0 0 0 0 0 1 0 
0 0 0 0 1 1 0 
1 0 0 0 0 0 1 
3 5 3
0 1 0 
1 0 0 
1 0 0 
1 1 0 
0 1 1 
7 3 2
0 0 1 1 0 1 1 
0 0 0 0 1 1 0 
0 0 0 0 0 0 1 
7 10
40 31
33 79
63 59
53 36
95 65
74 20
35 80
4 3 48
0 0 1 1 
1 0 1 0 
1 1 1 0 
5 3 2
1 1 1 0 0 
0 0 0 1 0 
0 1 0 1 1 
3 3 1
1 1 1 
1 0 1 
1 0 1 
6 6 3
0 0 1 0 0 0 
0 1 0 0 0 0 
1 0 0 0 0 1 
0 1 0 0 0 0 
0 0 0 1 0 0 
0 0 0 0 0 1 
3 4 3
1 0 0 
0 0 1 
1 1 1 
0 1 1 
3 3 1 
1 1 1 
1 0 1 
0 1 1 
6 6 3
0 1 0 0 0 0 
0 0 1 0 0 0 
0 0 1 0 0 1 
0 1 0 0 1 0 
0 0 0 0 0 0 
1 0 0 0 0 0 
6 4 3
0 0 1 1 0 0 
0 1 1 0 0 0 
0 0 0 0 0 0 
0 0 0 1 1 1 
3 5 2
1 0 0 
1 0 0 
1 0 1 
0 1 1 
1 0 0  
3 4 2
1 1 1 
0 1 1 
0 0 0 
1 0 1 
7 10
38 1
23 43
41 80
95 18
59 63
28 29
88 54
6 7 53
0 1 0 0 0 1 
0 0 0 0 0 1 
0 0 0 0 0 0 
0 0 0 0 0 1 
0 0 0 1 0 1 
0 0 0 0 0 0 
1 0 0 0 0 0 
2 4 4
1 1 
1 0 
1 1 
1 1 
3 4 1
0 1 0 
1 0 0 
1 1 1 
1 1 0 
3 5 2
0 1 1 
1 0 0 
0 0 1 
1 0 0 
1 1 0 
6 7 3
0 0 0 0 0 1 
0 0 0 0 0 0 
0 1 0 0 0 0 
1 1 0 0 0 0 
0 1 0 0 1 0 
0 0 0 0 0 0 
0 1 0 0 0 0 
7 4 3
0 0 0 0 0 0 1 
1 0 0 0 1 1 1 
0 0 0 1 0 0 0 
0 0 0 0 0 1 0 
7 3 2
1 0 0 0 0 1 1 
0 0 1 0 0 1 0 
0 0 1 0 1 0 0 
7 3 2
1 0 0 1 0 1 1 
0 0 1 0 0 0 0 
0 0 0 0 0 1 1 
5 4 2
1 0 0 0 0 
0 1 0 1 1 
0 0 1 0 0 
1 0 1 0 0 
6 3 3
0 1 0 0 1 1 
1 1 0 0 0 0 
1 0 0 0 0 1 
7 10
56 70
75 96
83 88
19 46
90 75
69 19
41 97
3 6 52
0 0 1 
0 1 0 
0 0 1 
0 1 0 
0 1 1 
1 0 0 
3 6 2
1 1 0 
0 0 0 
0 1 1 
0 1 0 
0 0 0 
0 1 1 
6 5 3
0 0 1 0 1 0 
0 0 0 0 0 0 
0 0 0 0 1 1 
0 0 0 0 0 1 
1 0 1 0 0 0 
4 3 3
0 1 1 0 
1 0 1 1 
0 1 1 0 
6 4 2
0 0 0 1 0 0 
0 0 0 0 0 1 
1 0 1 0 0 0 
1 1 0 0 0 1 
4 3 2
0 0 1 1 
1 1 1 0 
0 0 1 1 
6 5 2
0 1 0 0 0 1 
0 0 0 0 0 0 
1 0 1 0 0 1 
0 0 0 0 1 0 
0 0 0 0 0 1 
4 6 3 
0 0 0 1 
0 0 1 0 
1 1 0 0 
1 0 0 0 
1 0 0 0 
1 0 0 0 
5 7 4
1 0 0 0 0 
0 0 0 0 0 
0 0 0 0 0 
0 0 0 0 0 
0 1 1 0 0 
0 0 1 1 0 
1 0 0 0 1 
3 4 3
1 1 0 
1 1 0 
0 1 0 
0 1 1 
7 10
87 30
45 16
44 99
62 85
15 21
2 41
4 73
6 5 61
1 0 1 0 0 0 
0 1 0 0 0 0 
0 0 1 0 0 0 
1 1 0 0 0 0 
0 0 0 0 0 1 
6 6 2
0 0 0 1 0 0 
0 1 0 0 0 0 
0 1 0 0 0 0 
1 0 0 1 0 0 
0 0 1 0 0 0 
0 0 0 1 0 0 
5 6 2
1 0 0 1 0 
1 0 1 0 0 
0 0 0 1 0 
0 0 0 0 0 
0 0 0 0 0 
0 0 1 0 1 
5 5 3
1 0 0 0 1 
0 0 0 0 1 
0 1 1 0 1 
0 0 0 0 0 
0 0 1 0 0 
4 6 3
1 0 0 0 
1 0 0 1 
0 1 0 0 
0 0 0 0 
0 0 0 0 
1 0 1 1 
3 7 2
0 0 1 
1 0 1 
1 0 0 
0 0 0 
0 1 0 
0 0 1 
0 0 1 
5 4 3
0 0 0 1 0 
1 1 0 0 0 
1 1 0 1 0 
0 0 0 0 1 
6 4 3
0 0 0 0 0 1 
1 1 1 0 0 0 
1 1 0 0 0 0 
1 0 0 0 0 0 
4 5 2
1 1 0 0 
0 0 0 1 
0 0 0 0 
1 1 0 0 
0 1 1 0 
6 5 2
0 1 0 0 0 0 
0 0 0 0 0 0 
0 1 0 0 0 0 
1 0 0 0 1 0 
1 0 1 0 0 1 
7 10
63 77
1 3
13 30
14 99
98 3
98 17
90 68
6 5 86
0 1 0 0 0 0 
0 0 1 0 1 1 
0 0 0 0 0 0 
1 0 0 0 0 0 
1 0 1 0 0 0 
6 5 2
0 0 1 0 0 0 
0 0 1 0 1 0 
1 0 0 0 0 0 
1 0 0 0 0 0 
0 0 1 0 0 1 
6 3 2
1 0 0 1 0 0 
1 1 0 0 1 1 
0 0 1 0 0 0 
3 4 3
1 1 1 
0 1 0 
0 1 0 
1 1 0 
7 4 3
1 1 0 0 0 1 0 
0 0 0 0 0 0 1 
0 0 0 0 0 1 0 
0 0 1 0 0 1 0 
6 3 3
0 0 0 0 1 1 
0 1 0 0 1 0 
1 0 1 1 0 0 
5 3 2
0 1 1 0 1 
1 0 1 0 1 
0 0 1 0 0 
3 3 2
0 1 1 
0 1 1 
1 1 1 
7 3 2
0 0 1 1 1 0 0 
1 0 0 1 0 0 0 
1 0 0 0 0 1 0 
4 6 2
0 0 0 1 
0 0 0 0 
0 0 1 0 
0 1 0 1 
0 1 0 0 
1 0 1 0 
7 10
30 30
14 98
39 46
62 67
54 48
28 30
24 92
5 5 44
1 0 1 0 0 
0 0 0 1 1 
0 0 0 1 0 
0 0 0 1 0 
0 0 0 0 1 
7 6 3
0 0 0 1 0 0 0 
0 0 0 1 0 0 0 
0 0 0 0 0 1 0 
0 1 0 1 0 0 0 
1 0 0 0 0 0 0 
0 0 0 0 0 0 1 
4 5 3
0 1 1 0 
0 0 0 0 
0 0 1 1 
0 0 0 1 
0 1 0 1 
5 6 2
0 1 0 1 0 
1 0 1 0 0 
0 0 0 0 0 
0 0 0 1 0 
0 0 1 0 0 
0 0 0 0 1 
7 4 3
1 0 0 0 0 0 1 
0 0 0 0 1 1 1 
0 0 0 0 0 0 1 
0 0 1 0 0 0 0 
6 4 3
0 0 1 0 1 1 
0 0 0 1 1 0 
1 0 0 0 0 0 
0 0 0 0 0 1 
5 3 2
0 0 0 1 0 
1 1 0 0 1 
1 0 1 1 0 
3 4 2
0 1 0 
1 1 0 
1 0 1 
1 1 0 
5 6 2
0 0 0 0 1 
0 0 0 1 1 
1 0 0 0 0 
0 1 0 0 0 
0 1 0 0 0 
0 0 0 1 0 
4 5 2
0 0 0 1 
0 0 0 1 
0 0 0 1 
0 1 0 0 
1 1 1 0 
7 10
52 82
22 82
25 69
2 91
9 5
97 15
43 77
3 6 83
0 1 1 
0 1 0 
1 0 0 
0 0 1 
0 0 1 
0 0 1 
7 5 3
0 0 1 0 0 0 1 
0 0 0 0 0 0 0 
1 0 0 0 0 0 1 
0 1 0 1 0 0 0 
0 0 0 0 0 0 1 
6 3 2
0 1 0 0 0 1 
0 1 0 1 0 0 
0 1 0 0 1 1 
3 3 2
1 1 1 
0 1 1 
1 0 1 
7 4 3
0 0 1 0 0 0 1 
0 0 0 0 0 0 0 
1 0 1 0 0 0 1 
0 1 0 0 0 1 0 
3 3 3
1 1 1 
1 1 1 
1 0 0 
3 5 2
1 0 0 
1 0 0 
1 0 0 
1 1 0 
1 0 1 
5 5 2
0 1 0 1 0 
1 0 0 0 1 
0 0 0 0 0 
1 0 0 1 0 
0 0 0 0 1 
7 4 3
0 0 0 1 0 0 1 
0 0 1 0 0 0 1 
1 1 0 0 0 0 0 
0 0 0 0 1 0 0 
4 3 3
0 1 1 0 
1 1 1 0 
0 1 0 1 
7 10
23 7
66 80
62 66
27 59
19 9
76 28
58 25
4 6 55
1 0 0 0 
0 1 0 1 
0 0 1 0 
0 0 0 0 
1 0 1 0 
0 0 0 1 
4 3 2
1 1 0 0 
1 0 0 1 
1 1 1 0 
4 3 1
1 1 0 0 
1 1 0 1 
0 1 1 0 
4 5 2
0 0 0 1 
1 0 1 1 
0 0 0 1 
0 0 0 1 
0 1 0 0 
4 4 2
1 1 0 0 
0 0 1 0 
1 0 0 1 
1 1 0 0  
7 2 2
0 1 1 0 1 0 1 
1 0 0 1 0 1 0 
4 6 3
0 1 0 0 
1 0 0 0 
0 1 0 0 
0 0 0 1 
1 1 0 0 
0 0 1 0 
7 3 3
1 0 1 0 0 0 0 
0 1 0 1 0 0 0 
1 1 0 0 0 0 1 
7 6 3
0 1 0 0 0 0 0 
1 0 0 0 0 0 1 
0 0 1 0 0 0 0 
1 0 0 0 0 0 0 
0 0 0 0 0 0 0 
1 0 1 0 0 0 0 
3 7 4
0 0 0 
0 0 1 
0 1 0 
0 1 0 
1 1 0 
0 0 1 
1 0 0 
7 10
22 88
13 62
81 76
89 62
28 38
27 71
73 65
3 5 45
0 0 0 
0 0 1 
1 1 1 
0 1 1 
0 1 0 
5 4 1
0 0 0 0 1 
1 1 1 0 0 
0 0 0 1 1 
0 0 1 0 0 
4 5 2
1 0 0 0 
1 0 1 1 
1 0 0 0 
1 0 0 0 
0 0 1 0 
6 4 2
1 0 0 0 0 0 
0 0 1 0 0 1 
1 1 1 0 0 0 
0 0 0 1 0 0 
4 5 2
1 1 0 0 
0 0 1 1 
0 0 0 0 
1 0 0 0 
1 1 0 0 
5 4 2
1 0 1 0 0 
0 1 0 0 1 
1 1 0 0 0 
0 0 0 1 0 
3 5 2
0 1 0 
0 0 1 
0 0 1 
1 1 0 
0 1 1 
3 6 2
0 0 1 
0 0 0 
0 1 0 
1 1 0 
1 0 1 
0 0 1 
6 3 2
0 0 1 1 0 0 
1 1 1 0 0 0 
1 0 0 0 1 0 
6 5 3
1 0 0 0 0 0 
0 1 0 0 0 0 
0 0 0 1 0 1 
0 0 1 0 0 0 
0 1 0 1 0 0 
